2004-06-19,0.170150,09,44,29.677,+13,18,50.67,0.144,0.123,0.030,0.025,0.127,0.104,0.050,0.050,V00
2004-06-19,0.174861,09,44,30.604,+13,18,46.81,0.143,0.116,0.027,0.025,0.127,0.095,0.050,0.050,V00
2004-06-19,0.179676,09,44,31.507,+13,18,42.91,0.102,0.094,0.027,0.024,0.077,0.068,0.050,0.050,V00
2004-06-20,0.159514,09,47,41.116,+13,05,24.49,0.172,0.163,0.030,0.024,0.158,0.149,0.050,0.050,V00
2004-06-20,0.164317,09,47,42.006,+13,05,20.50,0.119,0.111,0.026,0.024,0.099,0.090,0.050,0.050,V00
2004-06-20,0.169063,09,47,42.926,+13,05,16.74,0.134,0.131,0.024,0.024,0.117,0.113,0.050,0.050,V00
2005-07-09,0.176002,10,34,38.149,+16,12,41.50,0.161,0.141,0.023,0.021,0.149,0.127,0.050,0.050,V00
2005-07-09,0.180807,10,34,38.288,+16,12,42.68,0.175,0.187,0.025,0.023,0.163,0.176,0.050,0.050,V00
2005-07-10,0.175543,10,35,10.909,+16,18,25.82,0.187,0.166,0.022,0.020,0.177,0.154,0.050,0.050,V00
2005-07-10,0.178192,10,35,10.983,+16,18,26.48,0.166,0.161,0.022,0.021,0.154,0.149,0.050,0.050,V00
2005-07-11,0.169727,10,35,36.698,+16,24,46.68,0.256,0.260,0.026,0.023,0.249,0.253,0.050,0.050,V00
2005-09-04,0.635194,08,25,00.085,+22,18,13.02,0.178,0.178,0.031,0.032,0.166,0.165,0.050,0.050,T09
2005-09-04,0.636270,08,25,00.075,+22,18,12.36,0.118,0.121,0.034,0.034,0.097,0.101,0.050,0.050,T09
2005-12-31,0.645976,12,46,28.407,-11,49,33.02,0.084,0.083,0.034,0.030,0.047,0.047,0.050,0.050,T12#UH-8k
2005-12-31,0.647131,12,46,28.583,-11,49,34.23,0.085,0.084,0.037,0.027,0.047,0.052,0.050,0.050,T12#UH-8k
2005-12-31,0.648002,12,46,28.708,-11,49,35.16,0.096,0.099,0.043,0.035,0.061,0.070,0.050,0.050,T12#UH-8k
2006-03-05,0.546366,16,20,49.786,-26,34,29.32,0.185,0.140,0.014,0.012,0.031,0.031,0.135,0.060,T12
2006-03-05,0.610523,16,21,07.957,-26,34,51.45,0.193,0.149,0.021,0.013,0.061,0.061,0.135,0.060,T12
2006-03-05,0.652668,16,21,19.828,-26,35,04.75,0.184,0.138,0.014,0.010,0.026,0.026,0.135,0.060,T12
2006-03-06,0.519853,16,25,39.350,-26,39,07.23,0.208,0.170,0.016,0.013,0.053,0.057,0.135,0.060,T12
2006-03-06,0.521544,16,25,39.838,-26,39,07.85,0.204,0.165,0.013,0.013,0.035,0.040,0.135,0.060,T12
2006-03-06,0.523190,16,25,40.319,-26,39,08.38,0.203,0.165,0.014,0.012,0.031,0.040,0.135,0.060,T12
2006-03-06,0.524837,16,25,40.802,-26,39,08.75,0.203,0.163,0.017,0.013,0.026,0.026,0.135,0.060,T12
2006-03-06,0.526498,16,25,41.288,-26,39,09.42,0.202,0.163,0.013,0.012,0.022,0.026,0.135,0.060,T12
2006-03-06,0.531529,16,25,42.744,-26,39,11.09,0.203,0.162,0.013,0.011,0.026,0.026,0.135,0.060,T12
2006-03-06,0.533175,16,25,43.230,-26,39,11.64,0.203,0.163,0.012,0.012,0.031,0.031,0.135,0.060,T12
2006-03-06,0.537851,16,25,44.576,-26,39,13.17,0.205,0.165,0.011,0.010,0.040,0.040,0.135,0.060,T12
2006-03-06,0.539505,16,25,45.058,-26,39,13.71,0.203,0.163,0.012,0.011,0.031,0.031,0.135,0.060,T12
2006-03-06,0.541140,16,25,45.528,-26,39,14.25,0.203,0.162,0.011,0.010,0.026,0.026,0.135,0.060,T12
2006-03-06,0.542795,16,25,46.018,-26,39,14.75,0.203,0.163,0.011,0.010,0.031,0.031,0.135,0.060,T12
2006-03-06,0.544604,16,25,46.542,-26,39,15.35,0.203,0.163,0.012,0.011,0.031,0.031,0.135,0.060,T12
2006-03-06,0.546228,16,25,47.020,-26,39,15.82,0.204,0.163,0.012,0.011,0.035,0.031,0.135,0.060,T12
2006-03-06,0.547887,16,25,47.487,-26,39,16.37,0.209,0.169,0.011,0.011,0.057,0.053,0.135,0.060,T12
2006-03-06,0.549639,16,25,48.001,-26,39,16.97,0.202,0.162,0.012,0.011,0.022,0.022,0.135,0.060,T12
2006-03-06,0.551285,16,25,48.473,-26,39,17.49,0.203,0.162,0.011,0.010,0.026,0.022,0.135,0.060,T12
2006-03-06,0.552944,16,25,48.954,-26,39,18.02,0.205,0.166,0.011,0.011,0.040,0.044,0.135,0.060,T12
2006-03-06,0.580625,16,25,56.956,-26,39,26.69,0.201,0.161,0.013,0.012,0.013,0.013,0.135,0.060,T12
2006-03-06,0.582267,16,25,57.429,-26,39,27.19,0.201,0.161,0.012,0.011,0.013,0.013,0.135,0.060,T12
2006-03-06,0.583903,16,25,57.889,-26,39,27.56,0.202,0.162,0.012,0.011,0.022,0.022,0.135,0.060,T12
2006-03-06,0.585655,16,25,58.403,-26,39,28.25,0.201,0.161,0.012,0.010,0.013,0.013,0.135,0.060,T12
2006-03-06,0.587295,16,25,58.884,-26,39,28.74,0.202,0.161,0.013,0.010,0.018,0.018,0.135,0.060,T12
2006-03-06,0.588946,16,25,59.356,-26,39,29.24,0.201,0.161,0.013,0.011,0.013,0.013,0.135,0.060,T12
2006-03-06,0.590713,16,25,59.860,-26,39,29.79,0.201,0.161,0.012,0.011,0.013,0.013,0.135,0.060,T12
2006-03-06,0.592406,16,26,00.342,-26,39,30.29,0.202,0.161,0.014,0.012,0.018,0.013,0.135,0.060,T12
2006-03-06,0.594169,16,26,00.854,-26,39,30.79,0.202,0.161,0.011,0.011,0.018,0.018,0.135,0.060,T12
2006-03-06,0.595813,16,26,01.332,-26,39,31.30,0.201,0.161,0.014,0.011,0.013,0.013,0.135,0.060,T12
2006-03-06,0.599863,16,26,02.494,-26,39,32.45,0.204,0.166,0.013,0.012,0.035,0.044,0.135,0.060,T12
2006-03-06,0.601606,16,26,02.993,-26,39,33.01,0.202,0.161,0.013,0.012,0.018,0.018,0.135,0.060,T12
2006-03-06,0.603235,16,26,03.457,-26,39,33.48,0.201,0.161,0.013,0.012,0.009,0.009,0.135,0.060,T12
2006-03-06,0.604882,16,26,03.930,-26,39,34.00,0.202,0.162,0.018,0.013,0.018,0.018,0.135,0.060,T12
2006-03-06,0.606554,16,26,04.414,-26,39,34.45,0.202,0.161,0.016,0.013,0.018,0.013,0.135,0.060,T12
2006-03-06,0.608199,16,26,04.891,-26,39,34.94,0.202,0.161,0.016,0.013,0.013,0.013,0.135,0.060,T12
2006-03-06,0.609949,16,26,05.388,-26,39,35.44,0.201,0.161,0.014,0.012,0.013,0.013,0.135,0.060,T12
2006-03-06,0.611619,16,26,05.870,-26,39,35.93,0.203,0.163,0.015,0.012,0.031,0.026,0.135,0.060,T12
2006-03-06,0.613403,16,26,06.381,-26,39,36.46,0.201,0.161,0.014,0.011,0.013,0.013,0.135,0.060,T12
2006-03-06,0.615221,16,26,06.900,-26,39,36.96,0.201,0.161,0.014,0.011,0.013,0.013,0.135,0.060,T12
2006-03-06,0.617794,16,26,07.648,-26,39,37.74,0.202,0.161,0.013,0.011,0.022,0.018,0.135,0.060,T12
2006-03-06,0.619448,16,26,08.129,-26,39,38.22,0.205,0.161,0.036,0.012,0.022,0.018,0.135,0.060,T12
2006-03-06,0.621083,16,26,08.593,-26,39,38.68,0.202,0.161,0.016,0.011,0.013,0.013,0.135,0.060,T12
2006-03-06,0.622878,16,26,09.105,-26,39,39.17,0.201,0.161,0.014,0.011,0.013,0.013,0.135,0.060,T12
2006-03-06,0.624538,16,26,09.584,-26,39,39.65,0.202,0.161,0.016,0.010,0.013,0.013,0.135,0.060,T12
2006-03-06,0.626343,16,26,10.112,-26,39,40.15,0.202,0.161,0.024,0.011,0.013,0.013,0.135,0.060,T12
2006-03-06,0.629623,16,26,11.039,-26,39,41.09,0.201,0.161,0.013,0.010,0.013,0.013,0.135,0.060,T12
2006-03-06,0.631375,16,26,11.530,-26,39,41.57,0.202,0.161,0.012,0.010,0.022,0.018,0.135,0.060,T12
2006-03-06,0.633031,16,26,12.016,-26,39,42.05,0.203,0.162,0.011,0.010,0.026,0.022,0.135,0.060,T12
2006-03-06,0.635017,16,26,12.589,-26,39,42.58,0.201,0.161,0.011,0.009,0.013,0.013,0.135,0.060,T12
2006-03-06,0.638310,16,26,13.532,-26,39,43.51,0.201,0.161,0.013,0.010,0.013,0.013,0.135,0.060,T12
2006-03-06,0.639984,16,26,14.033,-26,39,43.93,0.205,0.162,0.023,0.011,0.035,0.026,0.135,0.060,T12
2006-03-06,0.641778,16,26,14.532,-26,39,44.44,0.201,0.161,0.012,0.009,0.013,0.013,0.135,0.060,T12
2006-03-06,0.643428,16,26,15.007,-26,39,44.91,0.201,0.161,0.010,0.009,0.013,0.009,0.135,0.060,T12
2006-03-06,0.645226,16,26,15.513,-26,39,45.40,0.202,0.161,0.015,0.010,0.013,0.013,0.135,0.060,T12
2006-03-06,0.646891,16,26,16.000,-26,39,45.85,0.202,0.161,0.017,0.010,0.018,0.018,0.135,0.060,T12
2006-03-06,0.648696,16,26,16.534,-26,39,46.31,0.203,0.161,0.026,0.011,0.022,0.018,0.135,0.060,T12
2006-03-06,0.650334,16,26,16.985,-26,39,46.76,0.202,0.161,0.019,0.012,0.018,0.018,0.135,0.060,T12
2006-03-08,0.524509,16,35,51.633,-26,46,44.58,0.210,0.171,0.014,0.012,0.026,0.026,0.135,0.060,T12
2006-03-08,0.526144,16,35,52.139,-26,46,45.02,0.209,0.170,0.013,0.012,0.018,0.018,0.135,0.060,T12
2006-03-08,0.527784,16,35,52.632,-26,46,45.44,0.209,0.171,0.012,0.011,0.026,0.026,0.135,0.060,T12
2006-03-08,0.529406,16,35,53.122,-26,46,45.81,0.209,0.170,0.013,0.011,0.018,0.018,0.135,0.060,T12
2006-03-08,0.531189,16,35,53.668,-26,46,46.23,0.209,0.170,0.012,0.011,0.018,0.018,0.135,0.060,T12
2006-03-08,0.532825,16,35,54.145,-26,46,46.74,0.208,0.170,0.011,0.011,0.018,0.022,0.135,0.060,T12
2006-03-08,0.534461,16,35,54.645,-26,46,47.05,0.208,0.169,0.012,0.011,0.013,0.013,0.135,0.060,T12
2006-03-08,0.536225,16,35,55.161,-26,46,47.51,0.209,0.170,0.014,0.011,0.018,0.018,0.135,0.060,T12
2006-03-08,0.539523,16,35,56.166,-26,46,48.34,0.208,0.170,0.011,0.011,0.018,0.018,0.135,0.060,T12
2006-03-08,0.548218,16,35,58.785,-26,46,50.43,0.208,0.169,0.012,0.010,0.013,0.013,0.135,0.060,T12
2006-03-08,0.549870,16,35,59.291,-26,46,50.85,0.208,0.169,0.011,0.010,0.013,0.013,0.135,0.060,T12
2006-03-08,0.551509,16,35,59.779,-26,46,51.19,0.209,0.170,0.013,0.012,0.018,0.018,0.135,0.060,T12
2006-03-08,0.553275,16,36,00.314,-26,46,51.64,0.208,0.169,0.014,0.010,0.013,0.013,0.135,0.060,T12
2006-03-08,0.554941,16,36,00.797,-26,46,52.06,0.209,0.169,0.014,0.011,0.018,0.013,0.135,0.060,T12
2006-03-08,0.556571,16,36,01.305,-26,46,52.45,0.209,0.170,0.013,0.011,0.022,0.022,0.135,0.060,T12
2006-03-08,0.558203,16,36,01.809,-26,46,52.76,0.210,0.170,0.014,0.012,0.026,0.022,0.135,0.060,T12
2006-03-08,0.559991,16,36,02.337,-26,46,53.31,0.209,0.171,0.013,0.011,0.022,0.026,0.135,0.060,T12
2006-03-08,0.561653,16,36,02.824,-26,46,53.65,0.209,0.170,0.013,0.012,0.018,0.018,0.135,0.060,T12
2006-03-08,0.563311,16,36,03.321,-26,46,54.00,0.208,0.169,0.012,0.011,0.013,0.013,0.135,0.060,T12
2006-03-08,0.565292,16,36,03.925,-26,46,54.53,0.209,0.170,0.013,0.012,0.018,0.022,0.135,0.060,T12
2006-03-08,0.567058,16,36,04.447,-26,46,54.94,0.208,0.169,0.011,0.010,0.013,0.013,0.135,0.060,T12
2006-03-08,0.568701,16,36,04.934,-26,46,55.29,0.209,0.170,0.012,0.010,0.018,0.018,0.135,0.060,T12
2006-03-08,0.570341,16,36,05.423,-26,46,55.67,0.208,0.170,0.011,0.010,0.018,0.018,0.135,0.060,T12
2006-03-08,0.572104,16,36,05.964,-26,46,56.10,0.208,0.169,0.010,0.009,0.013,0.013,0.135,0.060,T12
2006-03-08,0.573748,16,36,06.447,-26,46,56.43,0.208,0.170,0.010,0.010,0.018,0.018,0.135,0.060,T12
2006-03-08,0.578782,16,36,07.950,-26,46,57.62,0.208,0.169,0.011,0.010,0.018,0.013,0.135,0.060,T12
2006-03-08,0.580436,16,36,08.453,-26,46,57.97,0.209,0.171,0.011,0.010,0.022,0.026,0.135,0.060,T12
2006-03-08,0.595064,16,36,12.824,-26,47,01.24,0.209,0.170,0.012,0.012,0.022,0.022,0.135,0.060,T12
2006-03-08,0.596799,16,36,13.342,-26,47,01.59,0.209,0.170,0.012,0.011,0.018,0.018,0.135,0.060,T12
2006-03-08,0.598428,16,36,13.834,-26,47,01.97,0.212,0.174,0.011,0.011,0.040,0.040,0.135,0.060,T12
2006-03-08,0.600076,16,36,14.327,-26,47,02.20,0.208,0.170,0.011,0.010,0.018,0.018,0.135,0.060,T12
2006-03-08,0.601765,16,36,14.819,-26,47,02.62,0.209,0.171,0.011,0.010,0.022,0.026,0.135,0.060,T12
2006-03-08,0.603420,16,36,15.335,-26,47,03.00,0.208,0.169,0.012,0.011,0.013,0.013,0.135,0.060,T12
2006-03-08,0.605060,16,36,15.804,-26,47,03.30,0.209,0.170,0.012,0.012,0.018,0.018,0.135,0.060,T12
2006-03-08,0.606725,16,36,16.308,-26,47,03.66,0.209,0.170,0.014,0.011,0.018,0.018,0.135,0.060,T12
2006-03-08,0.608400,16,36,16.812,-26,47,04.07,0.208,0.169,0.012,0.011,0.009,0.013,0.135,0.060,T12
2006-03-08,0.610191,16,36,17.347,-26,47,04.43,0.209,0.171,0.012,0.010,0.022,0.026,0.135,0.060,T12
2006-03-08,0.611802,16,36,17.821,-26,47,04.73,0.208,0.170,0.011,0.009,0.013,0.018,0.135,0.060,T12
2006-03-08,0.613560,16,36,18.338,-26,47,05.15,0.208,0.169,0.010,0.009,0.013,0.013,0.135,0.060,T12
2006-03-08,0.615226,16,36,18.848,-26,47,05.46,0.209,0.170,0.010,0.009,0.022,0.022,0.135,0.060,T12
2006-03-08,0.617024,16,36,19.384,-26,47,05.80,0.208,0.169,0.013,0.010,0.013,0.013,0.135,0.060,T12
2006-03-08,0.618809,16,36,19.911,-26,47,06.18,0.208,0.170,0.010,0.009,0.018,0.018,0.135,0.060,T12
2006-03-08,0.620441,16,36,20.397,-26,47,06.50,0.208,0.169,0.009,0.009,0.009,0.009,0.135,0.060,T12
2006-03-08,0.622096,16,36,20.893,-26,47,06.83,0.208,0.169,0.011,0.009,0.013,0.009,0.135,0.060,T12
2006-03-08,0.623736,16,36,21.391,-26,47,07.18,0.208,0.169,0.012,0.011,0.013,0.013,0.135,0.060,T12
2006-03-08,0.625519,16,36,21.915,-26,47,07.56,0.209,0.170,0.012,0.010,0.022,0.018,0.135,0.060,T12
2006-03-08,0.627168,16,36,22.403,-26,47,07.90,0.209,0.170,0.014,0.010,0.022,0.018,0.135,0.060,T12
2006-03-08,0.629149,16,36,23.003,-26,47,08.29,0.211,0.172,0.012,0.010,0.035,0.031,0.135,0.060,T12
2006-03-08,0.630838,16,36,23.503,-26,47,08.58,0.208,0.170,0.010,0.010,0.018,0.018,0.135,0.060,T12
2006-03-08,0.632481,16,36,23.992,-26,47,08.94,0.209,0.170,0.011,0.009,0.026,0.022,0.135,0.060,T12
2006-03-08,0.634103,16,36,24.477,-26,47,09.24,0.209,0.170,0.011,0.009,0.022,0.022,0.135,0.060,T12
2006-03-08,0.635885,16,36,24.997,-26,47,09.59,0.211,0.172,0.010,0.009,0.040,0.035,0.135,0.060,T12
2006-03-08,0.637529,16,36,25.500,-26,47,09.91,0.210,0.171,0.010,0.009,0.031,0.026,0.135,0.060,T12
2006-03-08,0.639171,16,36,25.991,-26,47,10.23,0.208,0.170,0.009,0.009,0.018,0.018,0.135,0.060,T12
2006-03-08,0.640831,16,36,26.480,-26,47,10.54,0.209,0.170,0.011,0.009,0.022,0.018,0.135,0.060,T12
2006-03-08,0.642638,16,36,27.008,-26,47,10.89,0.210,0.171,0.009,0.009,0.031,0.026,0.135,0.060,T12
2006-03-08,0.644300,16,36,27.506,-26,47,11.22,0.209,0.170,0.010,0.009,0.026,0.022,0.135,0.060,T12
2006-03-08,0.645890,16,36,27.988,-26,47,11.49,0.209,0.170,0.010,0.009,0.022,0.018,0.135,0.060,T12
2006-03-08,0.647515,16,36,28.476,-26,47,11.82,0.209,0.170,0.011,0.010,0.022,0.018,0.135,0.060,T12
2006-03-08,0.649303,16,36,29.008,-26,47,12.13,0.209,0.170,0.009,0.009,0.022,0.018,0.135,0.060,T12
2006-03-08,0.650953,16,36,29.492,-26,47,12.45,0.208,0.170,0.010,0.009,0.018,0.018,0.135,0.060,T12
2006-03-08,0.661031,16,36,32.496,-26,47,14.31,0.209,0.171,0.011,0.009,0.026,0.026,0.135,0.060,T12
2006-05-01,0.627369,22,43,36.580,-01,20,46.01,0.139,0.128,0.117,0.105,0.049,0.044,0.050,0.050,T09
2006-05-01,0.628218,22,43,36.869,-01,20,44.02,0.179,0.172,0.123,0.120,0.117,0.109,0.050,0.050,T09
2006-06-01,0.606812,01,12,41.522,+14,14,31.91,0.077,0.087,0.037,0.058,0.035,0.031,0.050,0.050,T12
2006-06-01,0.608688,01,12,41.959,+14,14,34.24,0.081,0.079,0.050,0.049,0.029,0.024,0.050,0.050,T12
2006-06-02,0.599359,01,16,48.755,+14,34,20.07,0.085,0.080,0.039,0.029,0.044,0.044,0.050,0.050,T12
2006-06-02,0.600780,01,16,49.108,+14,34,21.72,0.130,0.118,0.034,0.030,0.110,0.097,0.050,0.050,T12
2006-06-02,0.602242,01,16,49.478,+14,34,23.59,0.087,0.078,0.044,0.027,0.044,0.040,0.050,0.050,T12
2006-07-27,0.612541,05,06,37.958,+23,53,27.72,0.072,0.067,0.017,0.014,0.040,0.031,0.050,0.050,T12
2006-07-27,0.614473,05,06,38.465,+23,53,27.83,0.076,0.073,0.014,0.012,0.048,0.044,0.050,0.050,T12
2006-08-15,0.618521,06,26,52.404,+22,57,47.52,0.067,0.064,0.014,0.011,0.031,0.026,0.050,0.050,T12
2006-08-15,0.622332,06,26,53.348,+22,57,46.02,0.114,0.076,0.015,0.010,0.097,0.048,0.050,0.050,T12
2006-08-16,0.621836,06,31,00.059,+22,51,14.54,1.144,1.143,0.011,0.012,1.142,1.141,0.050,0.050,T12
2006-08-16,0.624419,06,31,00.629,+22,51,13.69,0.076,0.070,0.021,0.014,0.040,0.031,0.050,0.050,T12
2006-08-16,0.626954,06,31,01.254,+22,51,12.76,0.081,0.071,0.024,0.013,0.048,0.035,0.050,0.050,T12
2006-09-04,0.599159,07,45,57.632,+19,48,13.43,0.142,0.111,0.020,0.024,0.114,0.070,0.050,0.050,T12
2006-09-04,0.601742,07,45,58.282,+19,48,11.30,0.208,0.126,0.022,0.024,0.189,0.092,0.050,0.050,T12
2006-09-04,0.607027,07,45,59.441,+19,48,07.57,0.105,0.095,0.018,0.021,0.062,0.040,0.050,0.050,T12
2006-09-04,0.609604,07,46,00.032,+19,48,05.65,0.094,0.091,0.019,0.021,0.040,0.031,0.050,0.050,T12
2006-09-04,0.612178,07,46,00.596,+19,48,03.81,0.117,0.098,0.024,0.022,0.079,0.048,0.050,0.050,T12
2006-09-04,0.614750,07,46,01.189,+19,48,01.98,0.098,0.091,0.020,0.022,0.048,0.031,0.050,0.050,T12
2006-09-04,0.617332,07,46,01.771,+19,48,00.12,0.097,0.098,0.023,0.021,0.044,0.048,0.050,0.050,T12
2006-09-04,0.619916,07,46,02.330,+19,47,58.33,0.116,0.106,0.019,0.024,0.079,0.061,0.050,0.050,T12
2006-09-04,0.622593,07,46,02.963,+19,47,56.27,0.105,0.099,0.020,0.023,0.061,0.048,0.050,0.050,T12
2006-09-04,0.625171,07,46,03.533,+19,47,54.35,0.098,0.096,0.020,0.021,0.048,0.044,0.050,0.050,T12
2006-09-04,0.627744,07,46,04.120,+19,47,52.46,0.123,0.108,0.023,0.022,0.088,0.066,0.050,0.050,T12
2006-10-25,0.599932,10,38,53.805,+05,37,27.51,0.117,0.118,0.055,0.038,0.061,0.075,0.050,0.050,T12
2006-10-25,0.603692,10,38,54.499,+05,37,23.28,0.110,0.104,0.043,0.033,0.057,0.053,0.050,0.050,T12
2006-10-25,0.607440,10,38,55.203,+05,37,18.89,0.140,0.137,0.040,0.030,0.105,0.105,0.050,0.050,T12
2006-10-25,0.611322,10,38,55.912,+05,37,14.36,0.109,0.105,0.036,0.031,0.061,0.057,0.050,0.050,T12
2006-10-25,0.615063,10,38,56.601,+05,37,10.09,0.189,0.109,0.029,0.035,0.167,0.061,0.050,0.050,T12
2006-10-25,0.618799,10,38,57.275,+05,37,05.78,0.120,0.113,0.042,0.032,0.075,0.070,0.050,0.050,T12
2006-10-25,0.622678,10,38,58.014,+05,37,01.23,0.137,0.112,0.040,0.036,0.101,0.066,0.050,0.050,T12
2006-10-25,0.626405,10,38,58.696,+05,36,56.87,0.106,0.098,0.038,0.035,0.053,0.039,0.050,0.050,T12
2006-10-25,0.630148,10,38,59.377,+05,36,52.66,0.111,0.097,0.032,0.030,0.066,0.039,0.050,0.050,T12
2006-10-25,0.634030,10,39,00.098,+05,36,48.23,0.109,0.105,0.026,0.030,0.066,0.057,0.050,0.050,T12
2006-10-25,0.637795,10,39,00.816,+05,36,43.85,0.129,0.121,0.035,0.028,0.092,0.083,0.050,0.050,T12
2006-11-28,0.595934,12,23,24.533,-05,33,25.55,0.110,0.110,0.026,0.024,0.031,0.031,0.050,0.050,T12
2006-11-28,0.599112,12,23,25.116,-05,33,29.23,0.123,0.110,0.029,0.029,0.061,0.026,0.050,0.050,T12
2006-11-28,0.601961,12,23,25.630,-05,33,32.60,0.110,0.110,0.029,0.030,0.026,0.026,0.050,0.050,T12
2006-11-28,0.604441,12,23,26.110,-05,33,35.60,0.120,0.117,0.032,0.030,0.053,0.048,0.050,0.050,T12
2006-11-28,0.606947,12,23,26.572,-05,33,38.57,0.116,0.116,0.033,0.033,0.044,0.044,0.050,0.050,T12
2006-11-28,0.609306,12,23,27.008,-05,33,41.28,0.115,0.114,0.030,0.031,0.044,0.040,0.050,0.050,T12
2006-11-28,0.611758,12,23,27.455,-05,33,44.13,0.110,0.110,0.027,0.029,0.031,0.026,0.050,0.050,T12
2006-11-28,0.614104,12,23,27.900,-05,33,47.02,0.113,0.112,0.031,0.028,0.035,0.035,0.050,0.050,T12
2006-11-28,0.616440,12,23,28.333,-05,33,49.76,0.109,0.109,0.028,0.027,0.026,0.026,0.050,0.050,T12
2006-11-28,0.618819,12,23,28.750,-05,33,52.52,0.112,0.112,0.028,0.029,0.035,0.035,0.050,0.050,T12
2006-11-28,0.621225,12,23,29.200,-05,33,55.26,0.115,0.114,0.034,0.032,0.040,0.039,0.050,0.050,T12
2006-11-28,0.625094,12,23,29.918,-05,33,59.86,0.109,0.110,0.030,0.032,0.022,0.022,0.050,0.050,T12
2006-11-28,0.627446,12,23,30.356,-05,34,02.67,0.111,0.113,0.038,0.041,0.022,0.022,0.050,0.050,T12
2006-11-28,0.629804,12,23,30.783,-05,34,05.39,0.109,0.110,0.034,0.035,0.018,0.018,0.050,0.050,T12
2006-11-28,0.632294,12,23,31.243,-05,34,08.35,0.111,0.112,0.036,0.040,0.022,0.022,0.050,0.050,T12
2006-11-28,0.634638,12,23,31.694,-05,34,11.18,0.110,0.110,0.035,0.034,0.022,0.022,0.050,0.050,T12
2006-11-28,0.636992,12,23,32.122,-05,34,13.96,0.113,0.113,0.036,0.041,0.031,0.026,0.050,0.050,T12
2006-11-28,0.639396,12,23,32.559,-05,34,16.72,0.119,0.115,0.036,0.029,0.048,0.044,0.050,0.050,T12
2006-11-28,0.641912,12,23,33.023,-05,34,19.79,0.119,0.122,0.045,0.056,0.040,0.035,0.050,0.050,T12
2006-11-28,0.647803,12,23,34.102,-05,34,26.64,0.118,0.117,0.050,0.047,0.031,0.031,0.050,0.050,T12
2006-12-25,0.615838,13,51,22.763,-13,59,56.70,0.247,0.141,0.023,0.017,0.057,0.057,0.222,0.092,T12
2006-12-25,0.617841,13,51,23.174,-13,59,58.77,0.244,0.136,0.023,0.018,0.039,0.040,0.222,0.092,T12
2006-12-25,0.619984,13,51,23.614,-14,00,01.00,0.245,0.142,0.021,0.021,0.048,0.057,0.222,0.092,T12
2006-12-25,0.622127,13,51,24.048,-14,00,03.19,0.245,0.140,0.024,0.019,0.048,0.053,0.222,0.092,T12
2006-12-25,0.624266,13,51,24.483,-14,00,05.46,0.245,0.137,0.024,0.018,0.048,0.044,0.222,0.092,T12
2006-12-25,0.626260,13,51,24.897,-14,00,07.57,0.243,0.136,0.022,0.019,0.035,0.040,0.222,0.092,T12
2006-12-25,0.628260,13,51,25.303,-14,00,09.63,0.245,0.137,0.025,0.019,0.044,0.044,0.222,0.092,T12
2006-12-25,0.630269,13,51,25.727,-14,00,11.91,0.246,0.138,0.027,0.025,0.048,0.044,0.222,0.092,T12
2006-12-25,0.632266,13,51,26.111,-14,00,13.98,0.247,0.140,0.031,0.028,0.053,0.048,0.222,0.092,T12
2006-12-25,0.634325,13,51,26.550,-14,00,16.10,0.254,0.151,0.029,0.026,0.079,0.075,0.222,0.092,T12
2006-12-25,0.636337,13,51,26.944,-14,00,18.32,0.247,0.142,0.023,0.018,0.057,0.057,0.222,0.092,T12
2006-12-25,0.638454,13,51,27.397,-14,00,20.54,0.249,0.145,0.032,0.027,0.061,0.061,0.222,0.092,T12
2006-12-25,0.640469,13,51,27.795,-14,00,22.50,0.249,0.145,0.028,0.027,0.061,0.061,0.222,0.092,T12
2006-12-25,0.642604,13,51,28.243,-14,00,24.79,0.243,0.134,0.027,0.022,0.031,0.031,0.222,0.092,T12
2006-12-25,0.644594,13,51,28.632,-14,00,26.91,0.247,0.141,0.028,0.026,0.053,0.053,0.222,0.092,T12
2006-12-25,0.646589,13,51,29.049,-14,00,28.99,0.247,0.140,0.037,0.028,0.048,0.048,0.222,0.092,T12
2006-12-25,0.648596,13,51,29.453,-14,00,31.11,0.245,0.137,0.031,0.028,0.040,0.040,0.222,0.092,T12
2006-12-25,0.650728,13,51,29.887,-14,00,33.30,0.247,0.140,0.035,0.031,0.048,0.048,0.222,0.092,T12
2006-12-25,0.652779,13,51,30.308,-14,00,35.48,0.246,0.140,0.032,0.030,0.048,0.048,0.222,0.092,T12
2006-12-25,0.654775,13,51,30.727,-14,00,37.66,0.250,0.152,0.028,0.030,0.066,0.075,0.222,0.092,T12
2006-12-26,0.619274,13,54,51.077,-14,17,22.37,0.241,0.130,0.024,0.025,0.035,0.031,0.222,0.092,T12
2006-12-26,0.621867,13,54,51.617,-14,17,25.10,0.240,0.128,0.034,0.028,0.022,0.018,0.222,0.092,T12
2006-12-26,0.624434,13,54,52.140,-14,17,27.76,0.239,0.127,0.023,0.024,0.018,0.018,0.222,0.092,T12
2006-12-26,0.627016,13,54,52.676,-14,17,30.47,0.239,0.127,0.024,0.022,0.018,0.018,0.222,0.092,T12
2006-12-26,0.629593,13,54,53.203,-14,17,33.18,0.239,0.127,0.024,0.023,0.018,0.018,0.222,0.092,T12
2006-12-26,0.632315,13,54,53.784,-14,17,36.02,0.245,0.136,0.029,0.030,0.057,0.048,0.222,0.092,T12
2006-12-26,0.634890,13,54,54.277,-14,17,38.64,0.247,0.138,0.026,0.030,0.066,0.053,0.222,0.092,T12
2006-12-26,0.637465,13,54,54.814,-14,17,41.38,0.244,0.135,0.037,0.030,0.044,0.044,0.222,0.092,T12
2006-12-26,0.640037,13,54,55.344,-14,17,44.03,0.244,0.134,0.026,0.027,0.053,0.044,0.222,0.092,T12
2006-12-26,0.644438,13,54,56.257,-14,17,48.70,0.251,0.142,0.028,0.026,0.079,0.066,0.222,0.092,T12
2006-12-26,0.647024,13,54,56.800,-14,17,51.38,0.241,0.129,0.034,0.028,0.031,0.026,0.222,0.092,T12
2006-12-26,0.649606,13,54,57.317,-14,17,54.00,0.242,0.133,0.027,0.027,0.044,0.040,0.222,0.092,T12
2006-12-26,0.652339,13,54,57.885,-14,17,56.94,0.239,0.127,0.027,0.025,0.018,0.018,0.222,0.092,T12
2006-12-26,0.654913,13,54,58.410,-14,17,59.59,0.240,0.128,0.032,0.026,0.018,0.018,0.222,0.092,T12
2006-12-26,0.657642,13,54,58.975,-14,18,02.42,0.248,0.138,0.034,0.024,0.066,0.057,0.222,0.092,T12
2006-12-26,0.660213,13,54,59.492,-14,18,05.09,0.240,0.128,0.035,0.026,0.018,0.018,0.222,0.092,T12
2006-12-26,0.662951,13,55,00.066,-14,18,08.04,0.240,0.128,0.030,0.024,0.022,0.022,0.222,0.092,T12
2006-12-27,0.613779,13,58,18.687,-14,34,30.21,0.243,0.134,0.025,0.028,0.031,0.026,0.222,0.092,T12
2006-12-27,0.616124,13,58,19.180,-14,34,32.59,0.243,0.135,0.026,0.031,0.031,0.026,0.222,0.092,T12
2006-12-27,0.618466,13,58,19.669,-14,34,35.08,0.241,0.133,0.026,0.031,0.018,0.018,0.222,0.092,T12
2006-12-27,0.620921,13,58,20.171,-14,34,37.59,0.243,0.134,0.025,0.029,0.031,0.026,0.222,0.092,T12
2006-12-27,0.623432,13,58,20.692,-14,34,40.16,0.247,0.138,0.031,0.032,0.053,0.040,0.222,0.092,T12
2006-12-27,0.628130,13,58,21.676,-14,34,45.11,0.243,0.135,0.028,0.033,0.031,0.026,0.222,0.092,T12
2006-12-27,0.630475,13,58,22.157,-14,34,47.55,0.244,0.136,0.029,0.033,0.039,0.031,0.222,0.092,T12
2006-12-27,0.632830,13,58,22.638,-14,34,49.94,0.250,0.146,0.023,0.033,0.070,0.061,0.222,0.092,T12
2006-12-27,0.635366,13,58,23.164,-14,34,52.56,0.246,0.140,0.025,0.034,0.053,0.044,0.222,0.092,T12
2006-12-27,0.637722,13,58,23.654,-14,34,55.02,0.251,0.146,0.032,0.035,0.070,0.061,0.222,0.092,T12
2006-12-27,0.640182,13,58,24.160,-14,34,57.58,0.243,0.135,0.025,0.030,0.031,0.031,0.222,0.092,T12
2006-12-27,0.642517,13,58,24.633,-14,34,59.93,0.247,0.141,0.028,0.038,0.053,0.044,0.222,0.092,T12
2006-12-27,0.644862,13,58,25.128,-14,35,02.41,0.248,0.143,0.028,0.041,0.057,0.048,0.222,0.092,T12
2006-12-27,0.647338,13,58,25.643,-14,35,05.02,0.243,0.136,0.028,0.035,0.031,0.026,0.222,0.092,T12
2006-12-27,0.649682,13,58,26.118,-14,35,07.34,0.242,0.134,0.027,0.030,0.022,0.022,0.222,0.092,T12
2006-12-27,0.652199,13,58,26.645,-14,35,10.02,0.243,0.134,0.025,0.030,0.031,0.026,0.222,0.092,T12
2006-12-27,0.654545,13,58,27.136,-14,35,12.46,0.245,0.139,0.024,0.029,0.048,0.044,0.222,0.092,T12
2006-12-27,0.656939,13,58,27.617,-14,35,14.94,0.243,0.136,0.024,0.031,0.035,0.031,0.222,0.092,T12
2006-12-27,0.659235,13,58,28.080,-14,35,17.27,0.247,0.141,0.026,0.032,0.057,0.048,0.222,0.092,T12
2006-12-27,0.661616,13,58,28.593,-14,35,19.73,0.245,0.139,0.024,0.031,0.044,0.044,0.222,0.092,T12
2006-12-28,0.598926,14,01,45.532,-14,51,20.18,0.357,0.286,0.026,0.024,0.259,0.250,0.222,0.092,T12
2006-12-28,0.601272,14,01,45.990,-14,51,22.22,0.266,0.184,0.032,0.026,0.101,0.119,0.222,0.092,T12
2006-12-28,0.603612,14,01,46.474,-14,51,24.86,0.253,0.153,0.036,0.026,0.057,0.061,0.222,0.092,T12
2006-12-28,0.605956,14,01,46.965,-14,51,27.09,0.251,0.147,0.033,0.030,0.048,0.044,0.222,0.092,T12
2006-12-28,0.608348,14,01,47.466,-14,51,29.59,0.256,0.152,0.028,0.025,0.070,0.061,0.222,0.092,T12
2006-12-28,0.610682,14,01,47.954,-14,51,31.93,0.250,0.143,0.034,0.027,0.040,0.031,0.222,0.092,T12
2006-12-28,0.613137,14,01,48.465,-14,51,34.53,0.251,0.145,0.034,0.026,0.044,0.040,0.222,0.092,T12
2006-12-28,0.615483,14,01,48.954,-14,51,36.90,0.247,0.142,0.028,0.027,0.026,0.026,0.222,0.092,T12
2006-12-28,0.617824,14,01,49.441,-14,51,39.29,0.253,0.151,0.025,0.026,0.061,0.057,0.222,0.092,T12
2006-12-28,0.620483,14,01,49.989,-14,51,42.06,0.249,0.146,0.025,0.027,0.040,0.040,0.222,0.092,T12
2006-12-28,0.622844,14,01,50.480,-14,51,44.43,0.248,0.142,0.030,0.022,0.026,0.026,0.222,0.092,T12
2006-12-28,0.625219,14,01,50.990,-14,51,46.97,0.248,0.146,0.029,0.029,0.035,0.040,0.222,0.092,T12
2006-12-28,0.627558,14,01,51.480,-14,51,49.37,0.249,0.144,0.029,0.028,0.040,0.035,0.222,0.092,T12
2006-12-28,0.629898,14,01,51.941,-14,51,51.72,0.250,0.147,0.029,0.028,0.044,0.044,0.222,0.092,T12
2006-12-28,0.632236,14,01,52.447,-14,51,54.12,0.252,0.150,0.033,0.028,0.053,0.053,0.222,0.092,T12
2006-12-28,0.634721,14,01,52.958,-14,51,56.69,0.250,0.147,0.031,0.028,0.044,0.044,0.222,0.092,T12
2006-12-28,0.637096,14,01,53.453,-14,51,59.27,0.249,0.145,0.028,0.026,0.040,0.040,0.222,0.092,T12
2006-12-28,0.639581,14,01,53.965,-14,52,01.62,0.249,0.143,0.027,0.022,0.040,0.035,0.222,0.092,T12
2006-12-28,0.642221,14,01,54.514,-14,52,04.38,0.249,0.145,0.025,0.023,0.044,0.040,0.222,0.092,T12
2006-12-28,0.644709,14,01,55.039,-14,52,06.96,0.250,0.147,0.025,0.026,0.048,0.044,0.222,0.092,T12
2006-12-28,0.647050,14,01,55.531,-14,52,09.35,0.251,0.152,0.024,0.025,0.053,0.061,0.222,0.092,T12
2006-12-28,0.649387,14,01,55.996,-14,52,11.67,0.247,0.143,0.021,0.025,0.031,0.031,0.222,0.092,T12
2006-12-28,0.651755,14,01,56.494,-14,52,14.11,0.247,0.143,0.024,0.023,0.031,0.031,0.222,0.092,T12
2006-12-28,0.654101,14,01,57.003,-14,52,16.60,0.252,0.149,0.026,0.024,0.057,0.053,0.222,0.092,T12
2006-12-28,0.656447,14,01,57.472,-14,52,18.98,0.252,0.148,0.029,0.026,0.053,0.048,0.222,0.092,T12
2006-12-28,0.658797,14,01,57.960,-14,52,21.42,0.252,0.151,0.027,0.026,0.057,0.057,0.222,0.092,T12
2007-01-21,0.582456,15,32,42.616,-20,42,32.51,0.180,0.135,0.021,0.019,0.035,0.044,0.138,0.066,T12
2007-01-21,0.584773,15,32,43.182,-20,42,34.17,0.179,0.132,0.017,0.015,0.035,0.035,0.138,0.066,T12
2007-01-21,0.587117,15,32,43.754,-20,42,35.81,0.185,0.136,0.017,0.015,0.057,0.048,0.138,0.066,T12
2007-01-21,0.589593,15,32,44.371,-20,42,37.63,0.181,0.136,0.019,0.015,0.044,0.048,0.138,0.066,T12
2007-01-21,0.591958,15,32,44.938,-20,42,39.26,0.178,0.131,0.016,0.014,0.031,0.031,0.138,0.066,T12
2007-01-21,0.594303,15,32,45.499,-20,42,40.83,0.189,0.138,0.029,0.018,0.066,0.053,0.138,0.066,T12
2007-01-21,0.596645,15,32,46.078,-20,42,42.56,0.186,0.139,0.017,0.014,0.061,0.057,0.138,0.066,T12
2007-01-21,0.599113,15,32,46.703,-20,42,44.34,0.178,0.131,0.022,0.027,0.026,0.022,0.138,0.066,T12
2007-01-21,0.603824,15,32,47.848,-20,42,47.67,0.179,0.132,0.018,0.018,0.035,0.035,0.138,0.066,T12
2007-01-21,0.606304,15,32,48.443,-20,42,49.39,0.182,0.132,0.030,0.020,0.040,0.031,0.138,0.066,T12
2007-01-21,0.608655,15,32,49.033,-20,42,51.06,0.181,0.132,0.024,0.024,0.040,0.031,0.138,0.066,T12
2007-01-21,0.611111,15,32,49.620,-20,42,52.79,0.179,0.131,0.020,0.019,0.031,0.031,0.138,0.066,T12
2007-01-21,0.613488,15,32,50.198,-20,42,54.45,0.178,0.129,0.020,0.018,0.022,0.022,0.138,0.066,T12
2007-01-21,0.615963,15,32,50.816,-20,42,56.26,0.183,0.135,0.022,0.017,0.048,0.044,0.138,0.066,T12
2007-01-21,0.618301,15,32,51.395,-20,42,57.88,0.183,0.135,0.026,0.019,0.048,0.044,0.138,0.066,T12
2007-01-21,0.620653,15,32,51.961,-20,42,59.57,0.184,0.136,0.022,0.018,0.053,0.048,0.138,0.066,T12
2007-01-21,0.625375,15,32,53.108,-20,43,02.86,0.180,0.131,0.025,0.018,0.031,0.031,0.138,0.066,T12
2007-01-21,0.633847,15,32,55.168,-20,43,08.85,0.177,0.129,0.019,0.014,0.022,0.022,0.138,0.066,T12
2007-01-21,0.638558,15,32,56.312,-20,43,12.14,0.181,0.133,0.019,0.015,0.040,0.040,0.138,0.066,T12
2007-01-21,0.640914,15,32,56.911,-20,43,13.89,0.182,0.132,0.020,0.014,0.044,0.035,0.138,0.066,T12
2007-01-21,0.643257,15,32,57.478,-20,43,15.48,0.184,0.134,0.015,0.013,0.053,0.044,0.138,0.066,T12
2007-01-21,0.652942,15,32,59.821,-20,43,22.32,0.181,0.133,0.018,0.013,0.044,0.040,0.138,0.066,T12
2007-01-21,0.655492,15,33,00.470,-20,43,24.16,0.178,0.131,0.015,0.013,0.031,0.031,0.138,0.066,T12
2007-01-21,0.657850,15,33,01.030,-20,43,25.75,0.178,0.129,0.021,0.018,0.022,0.018,0.138,0.066,T12
2007-01-21,0.660200,15,33,01.605,-20,43,27.43,0.179,0.131,0.019,0.012,0.031,0.031,0.138,0.066,T12
2007-01-21,0.662562,15,33,02.171,-20,43,29.04,0.185,0.138,0.020,0.013,0.057,0.053,0.138,0.066,T12
2007-01-21,0.665060,15,33,02.793,-20,43,30.82,0.186,0.139,0.019,0.015,0.061,0.057,0.138,0.066,T12
2007-01-21,0.667406,15,33,03.361,-20,43,32.52,0.185,0.138,0.020,0.015,0.057,0.053,0.138,0.066,T12
2007-01-21,0.669757,15,33,03.947,-20,43,34.16,0.183,0.136,0.024,0.013,0.048,0.048,0.138,0.066,T12
2007-01-22,0.572140,15,36,47.728,-20,53,51.02,0.205,0.160,0.018,0.015,0.097,0.088,0.138,0.066,T12
2007-01-22,0.576546,15,36,48.815,-20,53,53.82,0.191,0.147,0.015,0.016,0.062,0.061,0.138,0.066,T12
2007-01-22,0.584760,15,36,50.845,-20,53,59.54,0.185,0.140,0.014,0.015,0.044,0.044,0.138,0.066,T12
2007-01-22,0.587569,15,36,51.544,-20,54,01.48,0.185,0.140,0.014,0.015,0.044,0.044,0.138,0.066,T12
2007-01-22,0.592374,15,36,52.723,-20,54,04.90,0.188,0.145,0.015,0.015,0.053,0.057,0.138,0.066,T12
2007-01-22,0.594737,15,36,53.296,-20,54,06.42,0.188,0.143,0.017,0.015,0.053,0.053,0.138,0.066,T12
2007-01-22,0.597081,15,36,53.865,-20,54,07.99,0.187,0.140,0.017,0.014,0.048,0.044,0.138,0.066,T12
2007-01-22,0.599549,15,36,54.479,-20,54,09.82,0.185,0.139,0.015,0.015,0.040,0.040,0.138,0.066,T12
2007-01-22,0.601890,15,36,55.064,-20,54,11.36,0.182,0.136,0.018,0.017,0.026,0.026,0.138,0.066,T12
2007-01-22,0.604236,15,36,55.637,-20,54,12.96,0.185,0.140,0.015,0.014,0.044,0.044,0.138,0.066,T12
2007-01-22,0.606693,15,36,56.236,-20,54,14.69,0.183,0.136,0.020,0.016,0.026,0.026,0.138,0.066,T12
2007-01-22,0.609152,15,36,56.845,-20,54,16.36,0.183,0.137,0.021,0.019,0.031,0.031,0.138,0.066,T12
2007-01-22,0.611637,15,36,57.473,-20,54,18.12,0.183,0.136,0.021,0.019,0.026,0.022,0.138,0.066,T12
2007-01-22,0.613977,15,36,58.034,-20,54,19.83,0.190,0.145,0.016,0.015,0.061,0.057,0.138,0.066,T12
2007-01-22,0.616324,15,36,58.619,-20,54,21.25,0.185,0.140,0.017,0.018,0.040,0.040,0.138,0.066,T12
2007-01-22,0.618786,15,36,59.210,-20,54,22.97,0.182,0.136,0.014,0.015,0.026,0.026,0.138,0.066,T12
2007-01-22,0.621134,15,36,59.808,-20,54,24.59,0.184,0.137,0.024,0.019,0.031,0.031,0.138,0.066,T12
2007-01-22,0.623470,15,37,00.364,-20,54,26.20,0.183,0.137,0.015,0.015,0.031,0.031,0.138,0.066,T12
2007-01-22,0.625934,15,37,00.969,-20,54,27.89,0.183,0.137,0.014,0.015,0.031,0.031,0.138,0.066,T12
2007-01-22,0.628272,15,37,01.551,-20,54,29.50,0.184,0.137,0.015,0.015,0.035,0.031,0.138,0.066,T12
2007-01-22,0.631242,15,37,02.296,-20,54,31.56,0.184,0.139,0.022,0.022,0.035,0.035,0.138,0.066,T12
2007-01-22,0.633605,15,37,02.858,-20,54,33.24,0.182,0.135,0.017,0.017,0.022,0.022,0.138,0.066,T12
2007-01-22,0.636090,15,37,03.468,-20,54,34.88,0.182,0.136,0.016,0.016,0.026,0.026,0.138,0.066,T12
2007-01-22,0.638458,15,37,04.044,-20,54,36.49,0.185,0.139,0.014,0.017,0.044,0.040,0.138,0.066,T12
2007-01-22,0.640953,15,37,04.663,-20,54,38.24,0.185,0.138,0.014,0.016,0.044,0.035,0.138,0.066,T12
2007-01-22,0.643296,15,37,05.241,-20,54,39.79,0.187,0.141,0.017,0.017,0.048,0.044,0.138,0.066,T12
2007-01-22,0.645632,15,37,05.805,-20,54,41.42,0.184,0.138,0.025,0.024,0.031,0.031,0.138,0.066,T12
2007-01-22,0.647972,15,37,06.399,-20,54,43.05,0.186,0.141,0.014,0.016,0.048,0.044,0.138,0.066,T12
2007-01-22,0.650312,15,37,06.975,-20,54,44.58,0.195,0.141,0.061,0.027,0.044,0.039,0.138,0.066,T12
2007-01-22,0.655205,15,37,08.177,-20,54,48.01,0.186,0.140,0.019,0.023,0.044,0.040,0.138,0.066,T12
2007-01-22,0.657666,15,37,08.765,-20,54,49.68,0.186,0.138,0.016,0.020,0.044,0.035,0.138,0.066,T12
2007-01-22,0.660006,15,37,09.346,-20,54,51.23,0.184,0.138,0.028,0.027,0.031,0.026,0.138,0.066,T12
2007-01-22,0.662339,15,37,09.914,-20,54,52.83,0.183,0.137,0.018,0.018,0.031,0.031,0.138,0.066,T12
2007-01-24,0.579922,15,45,10.267,-21,15,47.20,0.197,0.171,0.017,0.019,0.066,0.097,0.138,0.066,T12
2007-01-24,0.582373,15,45,10.845,-21,15,48.76,0.193,0.151,0.017,0.020,0.053,0.053,0.138,0.066,T12
2007-01-24,0.584735,15,45,11.459,-21,15,50.79,0.203,0.173,0.015,0.016,0.083,0.101,0.138,0.066,T12
2007-01-24,0.587081,15,45,12.051,-21,15,52.00,0.192,0.148,0.016,0.013,0.048,0.048,0.138,0.066,T12
2007-01-24,0.589431,15,45,12.639,-21,15,53.62,0.192,0.147,0.016,0.015,0.048,0.044,0.138,0.066,T12
2007-01-24,0.591803,15,45,13.201,-21,15,55.01,0.191,0.148,0.017,0.017,0.044,0.044,0.138,0.066,T12
2007-01-24,0.594153,15,45,13.810,-21,15,56.62,0.188,0.144,0.015,0.016,0.031,0.031,0.138,0.066,T12
2007-01-24,0.596498,15,45,14.398,-21,15,58.15,0.188,0.144,0.016,0.015,0.031,0.031,0.138,0.066,T12
2007-01-24,0.598846,15,45,14.981,-21,15,59.67,0.189,0.145,0.020,0.015,0.031,0.035,0.138,0.066,T12
2007-01-24,0.601308,15,45,15.601,-21,16,01.20,0.190,0.145,0.018,0.019,0.040,0.035,0.138,0.066,T12
2007-01-24,0.603970,15,45,16.258,-21,16,02.96,0.188,0.144,0.016,0.017,0.031,0.031,0.138,0.066,T12
2007-01-24,0.606316,15,45,16.864,-21,16,04.53,0.188,0.144,0.016,0.017,0.031,0.031,0.138,0.066,T12
2007-01-24,0.608659,15,45,17.437,-21,16,06.03,0.190,0.145,0.016,0.016,0.040,0.035,0.138,0.066,T12
2007-01-24,0.611007,15,45,18.015,-21,16,07.64,0.189,0.145,0.017,0.016,0.035,0.035,0.138,0.066,T12
2007-01-24,0.613378,15,45,18.617,-21,16,09.04,0.190,0.146,0.015,0.015,0.040,0.040,0.138,0.066,T12
2007-01-24,0.615720,15,45,19.205,-21,16,10.60,0.188,0.144,0.016,0.016,0.031,0.031,0.138,0.066,T12
2007-01-24,0.618063,15,45,19.787,-21,16,12.11,0.190,0.146,0.014,0.015,0.040,0.040,0.138,0.066,T12
2007-01-24,0.620522,15,45,20.394,-21,16,13.80,0.188,0.143,0.026,0.023,0.018,0.018,0.138,0.066,T12
2007-01-24,0.622880,15,45,20.996,-21,16,15.28,0.188,0.144,0.016,0.018,0.031,0.031,0.138,0.066,T12
2007-01-24,0.625369,15,45,21.610,-21,16,16.86,0.187,0.143,0.015,0.017,0.026,0.026,0.138,0.066,T12
2007-01-24,0.627709,15,45,22.184,-21,16,18.37,0.187,0.143,0.016,0.019,0.022,0.022,0.138,0.066,T12
2007-01-24,0.630047,15,45,22.784,-21,16,19.89,0.192,0.148,0.022,0.022,0.048,0.044,0.138,0.066,T12
2007-01-24,0.632531,15,45,23.400,-21,16,21.47,0.188,0.144,0.018,0.020,0.031,0.026,0.138,0.066,T12
2007-01-24,0.634884,15,45,23.956,-21,16,22.98,0.189,0.145,0.020,0.020,0.035,0.031,0.138,0.066,T12
2007-01-24,0.637226,15,45,24.576,-21,16,24.46,0.216,0.160,0.016,0.017,0.110,0.075,0.138,0.066,T12
2007-01-24,0.639686,15,45,25.180,-21,16,26.08,0.188,0.143,0.016,0.017,0.031,0.026,0.138,0.066,T12
2007-01-24,0.642060,15,45,25.765,-21,16,27.61,0.196,0.149,0.019,0.018,0.061,0.048,0.138,0.066,T12
2007-01-24,0.644537,15,45,26.385,-21,16,29.24,0.188,0.143,0.016,0.018,0.026,0.026,0.138,0.066,T12
2007-01-24,0.647493,15,45,27.120,-21,16,31.13,0.188,0.145,0.018,0.020,0.031,0.031,0.138,0.066,T12
2007-01-24,0.649845,15,45,27.716,-21,16,32.67,0.187,0.142,0.015,0.018,0.018,0.018,0.138,0.066,T12
2007-01-24,0.652189,15,45,28.295,-21,16,34.14,0.188,0.144,0.014,0.012,0.031,0.031,0.138,0.066,T12
2007-01-24,0.654537,15,45,28.875,-21,16,35.68,0.192,0.146,0.016,0.017,0.048,0.040,0.138,0.066,T12
2007-01-24,0.657001,15,45,29.476,-21,16,37.24,0.190,0.144,0.016,0.017,0.040,0.031,0.138,0.066,T12
2007-01-24,0.659338,15,45,30.069,-21,16,38.76,0.188,0.143,0.023,0.022,0.026,0.022,0.138,0.066,T12
2007-01-24,0.661869,15,45,30.702,-21,16,40.35,0.187,0.142,0.015,0.016,0.022,0.018,0.138,0.066,T12
2007-01-24,0.664214,15,45,31.282,-21,16,41.89,0.189,0.145,0.021,0.023,0.035,0.031,0.138,0.066,T12
2007-01-24,0.666737,15,45,31.913,-21,16,43.52,0.189,0.145,0.021,0.020,0.031,0.031,0.138,0.066,T12
2007-01-24,0.669159,15,45,32.521,-21,16,45.04,0.187,0.142,0.014,0.014,0.022,0.022,0.138,0.066,T12
2007-01-25,0.578193,15,49,22.787,-21,26,10.76,0.189,0.153,0.015,0.013,0.066,0.083,0.138,0.066,T12
2007-01-25,0.580547,15,49,23.382,-21,26,12.24,0.213,0.161,0.017,0.016,0.119,0.097,0.138,0.066,T12
2007-01-25,0.582887,15,49,24.005,-21,26,13.93,0.218,0.176,0.016,0.017,0.127,0.119,0.138,0.066,T12
2007-01-25,0.585381,15,49,24.619,-21,26,15.27,0.189,0.139,0.014,0.013,0.066,0.053,0.138,0.066,T12
2007-01-25,0.588718,15,49,25.448,-21,26,17.35,0.186,0.141,0.016,0.017,0.057,0.057,0.138,0.066,T12
2007-01-25,0.591075,15,49,26.056,-21,26,18.94,0.186,0.141,0.017,0.015,0.057,0.057,0.138,0.066,T12
2007-01-25,0.593419,15,49,26.638,-21,26,20.34,0.187,0.145,0.018,0.016,0.061,0.066,0.138,0.066,T12
2007-01-25,0.595782,15,49,27.232,-21,26,21.81,0.186,0.139,0.018,0.017,0.057,0.053,0.138,0.066,T12
2007-01-25,0.598148,15,49,27.836,-21,26,23.28,0.184,0.138,0.030,0.027,0.044,0.044,0.138,0.066,T12
2007-01-25,0.600488,15,49,28.426,-21,26,24.78,0.182,0.136,0.018,0.018,0.040,0.044,0.138,0.066,T12
2007-01-25,0.602980,15,49,29.040,-21,26,26.32,0.180,0.132,0.019,0.018,0.031,0.026,0.138,0.066,T12
2007-01-25,0.605338,15,49,29.635,-21,26,27.79,0.179,0.132,0.018,0.017,0.026,0.026,0.138,0.066,T12
2007-01-25,0.607688,15,49,30.217,-21,26,29.23,0.214,0.156,0.020,0.017,0.119,0.088,0.138,0.066,T12
2007-01-25,0.610444,15,49,30.921,-21,26,30.98,0.183,0.137,0.020,0.019,0.044,0.044,0.138,0.066,T12
2007-01-25,0.612803,15,49,31.515,-21,26,32.50,0.181,0.136,0.017,0.015,0.040,0.044,0.138,0.066,T12
2007-01-25,0.615146,15,49,32.099,-21,26,33.92,0.186,0.141,0.019,0.014,0.057,0.057,0.138,0.066,T12
2007-01-25,0.617630,15,49,32.743,-21,26,35.57,0.179,0.131,0.017,0.015,0.026,0.026,0.138,0.066,T12
2007-01-25,0.620041,15,49,33.333,-21,26,37.04,0.178,0.130,0.017,0.015,0.018,0.018,0.138,0.066,T12
2007-01-25,0.622389,15,49,33.920,-21,26,38.54,0.183,0.134,0.022,0.017,0.044,0.035,0.138,0.066,T12
2007-01-25,0.624866,15,49,34.551,-21,26,40.09,0.178,0.131,0.017,0.014,0.022,0.022,0.138,0.066,T12
2007-01-25,0.627211,15,49,35.141,-21,26,41.54,0.186,0.137,0.028,0.022,0.053,0.044,0.138,0.066,T12
2007-01-25,0.629556,15,49,35.721,-21,26,42.96,0.179,0.132,0.019,0.018,0.026,0.026,0.138,0.066,T12
2007-01-25,0.632186,15,49,36.378,-21,26,44.65,0.186,0.137,0.015,0.013,0.057,0.048,0.138,0.066,T12
2007-01-25,0.634529,15,49,36.980,-21,26,46.10,0.185,0.138,0.019,0.017,0.053,0.048,0.138,0.066,T12
2007-01-25,0.636867,15,49,37.574,-21,26,47.55,0.186,0.140,0.022,0.020,0.057,0.053,0.138,0.066,T12
2007-01-25,0.639354,15,49,38.186,-21,26,49.11,0.184,0.135,0.022,0.020,0.048,0.040,0.138,0.066,T12
2007-01-25,0.641719,15,49,38.758,-21,26,50.54,0.185,0.137,0.017,0.015,0.053,0.048,0.138,0.066,T12
2007-01-25,0.644212,15,49,39.407,-21,26,52.14,0.180,0.133,0.018,0.018,0.031,0.031,0.138,0.066,T12
2007-01-25,0.646556,15,49,39.998,-21,26,53.60,0.183,0.136,0.019,0.015,0.044,0.044,0.138,0.066,T12
2007-01-25,0.649076,15,49,40.623,-21,26,54.91,0.189,0.149,0.017,0.013,0.066,0.075,0.138,0.066,T12
2007-03-09,0.654176,19,16,36.695,-21,11,06.90,0.096,0.102,0.015,0.016,0.075,0.083,0.050,0.050,T12
2007-03-09,0.656411,19,16,37.371,-21,11,04.96,0.085,0.089,0.017,0.016,0.061,0.066,0.050,0.050,T12
2007-12-13,0.660713,14,26,35.206,-15,26,51.52,0.227,0.205,0.089,0.059,0.202,0.189,0.050,0.050,T12
2008-01-06,0.638957,16,03,51.245,-20,51,51.34,0.168,0.124,0.027,0.024,0.081,0.092,0.135,0.060,T12
2008-01-06,0.646036,16,03,53.080,-20,51,55.60,0.156,0.099,0.018,0.015,0.055,0.057,0.135,0.060,T12
2008-01-06,0.649490,16,03,53.986,-20,51,57.69,0.153,0.093,0.019,0.015,0.044,0.046,0.135,0.060,T12
2008-01-06,0.652920,16,03,54.887,-20,51,59.83,0.153,0.096,0.018,0.015,0.044,0.051,0.135,0.060,T12
2008-01-06,0.656544,16,03,55.801,-20,52,01.94,0.155,0.099,0.017,0.014,0.053,0.057,0.135,0.060,T12
2008-01-06,0.660005,16,03,56.765,-20,52,04.16,0.163,0.107,0.020,0.015,0.072,0.070,0.135,0.060,T12
2008-01-06,0.663492,16,03,57.618,-20,52,06.04,0.152,0.092,0.019,0.015,0.042,0.042,0.135,0.060,T12
2008-01-07,0.641793,16,08,14.721,-21,01,32.09,0.186,0.147,0.013,0.014,0.121,0.127,0.135,0.060,T12
2008-01-07,0.645186,16,08,15.608,-21,01,33.99,0.286,0.244,0.014,0.013,0.248,0.233,0.135,0.060,T12
2008-01-07,0.652858,16,08,17.617,-21,01,38.46,0.169,0.125,0.014,0.014,0.092,0.101,0.135,0.060,T12
2008-01-07,0.656707,16,08,18.608,-21,01,40.57,0.155,0.098,0.012,0.012,0.064,0.066,0.135,0.060,T12
2008-01-08,0.654074,16,12,42.234,-21,10,54.03,0.178,0.142,0.018,0.021,0.105,0.119,0.135,0.060,T12
2008-01-08,0.656917,16,12,42.968,-21,10,55.80,0.213,0.179,0.017,0.019,0.158,0.162,0.135,0.060,T12
2008-01-08,0.659235,16,12,43.584,-21,10,56.95,0.171,0.130,0.022,0.020,0.092,0.105,0.135,0.060,T12
2008-01-08,0.663824,16,12,44.803,-21,10,59.64,0.151,0.089,0.018,0.019,0.048,0.044,0.135,0.060,T12
2008-01-08,0.665759,16,12,45.323,-21,11,00.64,0.151,0.091,0.018,0.021,0.048,0.048,0.135,0.060,T12
2008-01-09,0.649230,16,17,06.855,-21,19,43.21,0.160,0.109,0.019,0.017,0.061,0.070,0.135,0.060,T12
2008-01-09,0.651166,16,17,07.315,-21,19,44.16,0.174,0.128,0.018,0.015,0.092,0.097,0.135,0.060,T12
2008-01-09,0.653141,16,17,07.868,-21,19,45.05,0.163,0.112,0.018,0.015,0.070,0.075,0.135,0.060,T12
2008-01-09,0.655082,16,17,08.370,-21,19,46.22,0.189,0.156,0.018,0.015,0.119,0.132,0.135,0.060,T12
2008-01-09,0.659089,16,17,09.415,-21,19,48.28,0.174,0.122,0.023,0.016,0.092,0.088,0.135,0.060,T12
2008-01-09,0.661027,16,17,09.953,-21,19,49.41,0.161,0.104,0.017,0.014,0.066,0.061,0.135,0.060,T12
2008-01-09,0.663125,16,17,10.506,-21,19,50.39,0.157,0.099,0.021,0.015,0.053,0.053,0.135,0.060,T12
2008-01-09,0.665088,16,17,11.010,-21,19,51.46,0.177,0.118,0.020,0.014,0.097,0.083,0.135,0.060,T12
